.Random.seed <-
c(403L, 80L, -579607507L, 2082396903L, -1738895346L, -1227677208L, 
-865213461L, 1507064969L, 625125400L, -606824634L, 1918256545L, 
-1001366477L, -97177182L, -224172908L, 250647319L, -2031313651L, 
672898084L, -1222136822L, -1110273675L, -1324930865L, 360156118L, 
46465920L, 842061763L, 640156001L, -435435568L, -1019457746L, 
889647833L, -2076028693L, 155861338L, -1315886308L, -1907581409L, 
-1472010635L, -1347972340L, -2008576286L, 1531519933L, 1585206327L, 
849508062L, -553205224L, -1782542981L, -926923495L, -867251800L, 
550550870L, -599867951L, -1409895037L, -251089902L, 142051236L, 
-1426522265L, -1225212739L, -977920972L, -1782714470L, 1782541285L, 
2133714815L, -1082403066L, 7037072L, 1937013043L, 1631030993L, 
-1547879296L, 1194536286L, 1972904617L, 1665805659L, -2117472406L, 
1584375308L, -1252135345L, 1919394565L, -123997252L, 1647740562L, 
-240433779L, -675293753L, 1852237486L, -990327032L, 596512011L, 
-1674335255L, 487509176L, -226309274L, 1908908033L, 844197523L, 
627880258L, 319921908L, -1733612809L, -235349267L, 326849924L, 
1914887082L, 1203093781L, 789253039L, -1848822858L, -1449784864L, 
278931747L, -1805926847L, 1927229744L, 1422320462L, -105346631L, 
-556895285L, 913270906L, -1508419204L, -260585025L, 1765189269L, 
1293810860L, -1388173694L, -1323700643L, -495840937L, -2122433474L, 
165433464L, 335207259L, 676325049L, 253860616L, 1439396278L, 
-775999759L, 1058195747L, -1450263694L, 1213919684L, -2142033529L, 
-1571310755L, 477281620L, -1943277702L, -66265403L, -753446881L, 
2137814950L, -50255568L, -2122841133L, -1058752015L, -1309368544L, 
-522741314L, 1121683913L, 1974103419L, 836959050L, 1039657900L, 
-1017851217L, -1191980955L, 608067612L, -301666702L, 594235629L, 
994205991L, -2052231858L, -1966760536L, -1450530389L, -130506039L, 
-1353530664L, 1604005766L, -1462590879L, 1739725811L, 896085602L, 
170244308L, 881836503L, -1378450483L, -1421441180L, -1430342838L, 
1022218933L, 183124495L, -211303658L, -654987840L, 473976195L, 
-1894612063L, 2121300880L, -1908201362L, 862940697L, -1899901269L, 
1958433434L, -688656804L, 149326687L, -1267063499L, 2118137036L, 
-1804943838L, 641003645L, 1587128695L, -739211618L, -2040961704L, 
-620600133L, -332203431L, 1249591784L, -1921526762L, -428884079L, 
634978371L, -1038424238L, 1085787108L, 252867111L, -1116050819L, 
1377071988L, 1675038554L, 619579813L, -1553488449L, -1749494202L, 
1530574032L, 304983795L, -1721214959L, 820289088L, 332427806L, 
1072741609L, 468665883L, -787532246L, -604026548L, 1166078735L, 
947029573L, 32727036L, -1610668462L, 245996493L, -2133420665L, 
370135150L, 1371064392L, -692778421L, -1614616663L, 1250109176L, 
-461532634L, 276679489L, 332067027L, 1788671106L, -340806988L, 
-951826889L, -397103827L, 556860996L, -1683817622L, -1839904811L, 
1091428719L, 911518838L, 1778853792L, 561053795L, 545981697L, 
318982256L, -1648905202L, 1647518841L, -1049390069L, -915546822L, 
-1797284804L, 419953535L, 114338005L, 645950700L, 1592682050L, 
43055517L, -734446569L, -1736294018L, 772170420L, 609374226L, 
1646041056L, -1974167604L, 108396000L, 365082146L, -1459330776L, 
-1641228020L, -1723562436L, -1373933326L, 2130977520L, -1717517500L, 
-558181800L, -2070095302L, -542179600L, -1802443588L, 1442207252L, 
-345491262L, -760039328L, 527242620L, -1258728240L, 1460427810L, 
1864196776L, -941353076L, -1703972420L, -1418513358L, -1580779712L, 
-2006148940L, 313805640L, -1267508550L, 1637259024L, -1268735764L, 
-729480108L, 271388434L, -1740563552L, -1262096436L, 784026464L, 
-494743358L, 462382632L, 232113580L, 1219927868L, -1033726094L, 
1549216560L, 1205514788L, 2098927672L, -878730022L, 478964112L, 
-677968132L, -1599418476L, 2091453250L, 1541284352L, 911022652L, 
-1580581296L, 1122171554L, 134126408L, 995492364L, -1018127140L, 
1870580306L, 98576512L, 543165268L, 132520424L, 1389263610L, 
59230032L, 996244524L, 1431209332L, -1035692398L, -392467872L, 
-1014517108L, -847410336L, -1869229342L, -898039640L, -1598148404L, 
-2021115396L, 1348755378L, -178518544L, 764609988L, 168046424L, 
-1089774726L, -765880912L, 1082210748L, -1620027308L, 688843714L, 
927122208L, -733102148L, -1373164976L, -108749342L, -1611247256L, 
334806348L, 1353537788L, -103222542L, -576092416L, -1345051020L, 
1467439112L, 1588275642L, -860534832L, -1993983508L, 1898094484L, 
-232500526L, 577789536L, 729085260L, -1135508192L, 1799819906L, 
-1058752024L, 1350674412L, 681420348L, 564698738L, 410911600L, 
666183972L, 816812600L, -365547110L, -369436208L, -832184900L, 
654104724L, -1763001214L, -1147947584L, -1078795460L, 1295504528L, 
-1830169822L, 1694658056L, -1086554868L, -186247780L, 415784466L, 
-280835200L, 1299366676L, 473338152L, -1112863686L, -1701930032L, 
-613191060L, -978294220L, 522992274L, 2115599712L, -856737460L, 
1340835808L, -1156667998L, 777334184L, 876619404L, 926920124L, 
136154738L, -2083333136L, 407197252L, -1077204904L, -1926522822L, 
1398790256L, -1091868612L, -440477420L, 1737708226L, 183938784L, 
-1871767428L, -1315770672L, -163657310L, -180051928L, -645993716L, 
-391859780L, -597544142L, -1820837184L, -1389149132L, -1648785720L, 
-530717510L, -1921923440L, -1361785108L, -667645356L, 567681682L, 
1112183072L, -156755508L, 860000992L, -993310526L, -1546447832L, 
-856799316L, 391295676L, 1316613106L, 479718960L, 183900068L, 
-46768712L, -1956108454L, -1935343472L, 36819836L, -2032893676L, 
-1880823486L, 330963200L, 1380371900L, -278484656L, -1418749662L, 
-1613471160L, 231436L, -1199823268L, 193501650L, 22277632L, -249737900L, 
-910017304L, 1814345978L, -1341841712L, -409224404L, -173102860L, 
-1798094446L, -1484552864L, 1179771916L, 1720081632L, -1445129630L, 
-1084902232L, -61873076L, -274509956L, 1020307762L, -618716560L, 
-1705962684L, 1197222872L, -491144326L, -663881680L, -1584410692L, 
1575344724L, 941965378L, -642169184L, 1598173884L, -939924528L, 
1373689186L, -683270424L, -1880277812L, -1358378500L, -414560782L, 
1983601792L, -410342924L, -458198392L, 1524693818L, -1519549104L, 
376980588L, -105120364L, -1885075374L, 222670304L, 1274794304L, 
-15032663L, 812140315L, 1417621740L, 1361333498L, -817289937L, 
-173833927L, 1606689614L, -2092451428L, 157733645L, 2010994039L, 
404087168L, -588367906L, 247328939L, -790891603L, 308164634L, 
605478616L, 1391161153L, -2137600013L, -558067180L, -1853604958L, 
-578165577L, 918064769L, 2112460422L, -622244156L, 1313501173L, 
-1983564193L, 900485304L, 164279702L, 469415843L, 884423525L, 
1665538690L, -392292368L, -1669877351L, -1819975797L, 1241946748L, 
1377306794L, 1735584479L, 123345001L, -126020994L, 1074604652L, 
549414589L, 594828167L, -771518608L, 143848974L, 1549101883L, 
1845032989L, 433455306L, -74441752L, -1161574191L, 253990083L, 
-948704316L, -1809674126L, -240688825L, 835095825L, -130295658L, 
-256786956L, -311890043L, 536309455L, -521344056L, 816654950L, 
-2019380077L, 102300661L, -1319813678L, 610520608L, 1646309385L, 
-1119804101L, 1069230220L, -693197542L, 644811663L, -732547879L, 
1011956590L, -48481540L, -1497266067L, -699726825L, -218630688L, 
788292030L, 1673344907L, -1251297267L, -1300058054L, -598761352L, 
-1577472991L, 1468092115L, 1971588596L, -1401983358L, 614722327L, 
-1836447263L, -1083779290L, 880575012L, 533820629L, -418012033L, 
254298392L, 1867618358L, -391475517L, -191585531L, 11962018L, 
1661125776L, 1755378745L, 686992619L, -1312551460L, -1562577910L, 
-446471425L, -710558903L, -581218082L, 1231392396L, -824595875L, 
142485607L, -1009502832L, 123966894L, 1633955931L, -683263939L, 
566992554L, 1462184776L, 1132625777L, -103659293L, 57618404L, 
1384113938L, 554810087L, 335338673L, 234180342L, -735938284L, 
-493535707L, -1753328849L, -527674136L, 202061254L, 587764851L, 
-415547691L, 1252041906L, -1538250624L, -1064827799L, 1469272283L, 
1616090156L, 194350138L, 694524655L, 314819961L, -1170957810L, 
275483612L, -1147100083L, -990365769L, -689428160L, -1795543010L, 
